[
    {
        "id": "c96670c2-82a5-4a1e-928d-668036fb98af",
        "done": true,
        "result": {
            "task_id": "c96670c2-82a5-4a1e-928d-668036fb98af",
            "forecasts": {
                "co": [
                    0.13963403425895193,
                    0.2872217019937435,
                    0.2787832678365206,
                    -0.2172374586782031,
                    0.25286623892923643,
                    0.08199723310972072,
                    0.28950392104012707,
                    -0.06193723007237284,
                    -0.13234680616840877,
                    0.16144379485293164,
                    0.01611318474169776,
                    0.18247824408084168
                ],
                "no2": [
                    0.2587518549929593,
                    -0.8711781682934777,
                    -0.5185723176168849,
                    -1.7614839714883594,
                    -1.2999692337132387,
                    -0.795486921592812,
                    -0.4088828364485018,
                    -0.45431968743343876,
                    0.2976134443617328,
                    1.5312948001275801,
                    2.778822147952819,
                    2.447882942413142
                ],
                "o3": [
                    -0.10340852423368263,
                    0.2001997424841244,
                    -0.026478654066110024,
                    -0.04747789753504228,
                    -0.18925475393424107,
                    -0.2284511289181528,
                    0.553542011767822,
                    0.3334003345831035,
                    -0.44141473779018214,
                    0.5554549484763703,
                    -0.3769335446468957,
                    -0.38043691620873105
                ],
                "so2": [
                    0.28061569949896514,
                    0.8083626445798535,
                    -0.030687844678863485,
                    0.3027656304512242,
                    0.018200274795307947,
                    -0.015959994177150216,
                    0.43307375213112653,
                    -0.12741503022109296,
                    -0.26454179664714494,
                    0.16270220202900199,
                    -0.3079106274046987,
                    0.252865408857895
                ],
                "pm25frm": [
                    3.730468467153588,
                    3.594565518459595,
                    4.405073231184861,
                    3.546213190396053,
                    4.217914993820483,
                    3.2008940674633712,
                    4.172465646122435,
                    3.3034357315628053,
                    3.4581454418600814,
                    2.815864642754194,
                    3.0019834802144088,
                    2.93448188301742
                ],
                "pm10mass": [
                    5.139436230233975,
                    3.4299648396392346,
                    4.15058086413808,
                    3.7145222556755586,
                    3.6472858643813826,
                    3.7033895504621217,
                    3.296191634409126,
                    3.8374685756876836,
                    2.4211347484785595,
                    2.511629285251878,
                    2.652065692777672,
                    3.5280411887738574
                ]
            },
            "metadata": {
                "lat": 37.7749,
                "long": -122.4194,
                "prediction_hours": 12,
                "num_predictions": 12
            }
        }
    }
]